{
  "nbformat": 4,
  "nbformat_minor": 0,
  "metadata": {
    "colab": {
      "provenance": []
    },
    "kernelspec": {
      "name": "python3",
      "display_name": "Python 3"
    },
    "language_info": {
      "name": "python"
    }
  },
  "cells": [
    {
      "cell_type": "markdown",
      "source": [
        "Assume no translation or rotation, so Extrinsic matrix is Identity"
      ],
      "metadata": {
        "id": "YmiZZwdtQ8mu"
      }
    },
    {
      "cell_type": "markdown",
      "source": [
        "DETECTION OF CORNER POINTS IN THE CHESSBOARD"
      ],
      "metadata": {
        "id": "OQyFS0nIaiKw"
      }
    },
    {
      "cell_type": "code",
      "execution_count": null,
      "metadata": {
        "id": "GYqBmzLBQMgT"
      },
      "outputs": [],
      "source": [
        "import numpy as np\n",
        "import cv2\n",
        "import matplotlib.pyplot as plt"
      ]
    },
    {
      "cell_type": "code",
      "source": [
        "def corner_pixels(filename):\n",
        "  img = cv2.imread(filename)\n",
        "  img_gray = cv2.cvtColor(img,cv2.COLOR_BGR2GRAY)\n",
        "  img_gray = np.float32(img_gray)\n",
        "  corner = cv2.cornerHarris(img_gray,2,3,0.04)\n",
        "  corner = cv2.dilate(corner,None)\n",
        "  max = corner.max()\n",
        "  count = 0\n",
        "  x=0\n",
        "  y=0\n",
        "  points = []\n",
        "  for i in range(img.shape[0]):\n",
        "    for j in range(img.shape[1]):\n",
        "      if(corner[i,j]>0.95*max):\n",
        "        img[i,j] = [255,0,0]\n",
        "        if(i-x>4 or j-y>4):\n",
        "          count += 1\n",
        "          points.append([i+2,j+2])\n",
        "          x = i\n",
        "          y = j\n",
        "  points = np.array(points)\n",
        "  diff = []\n",
        "  for i in range(8):\n",
        "    diff.append(points[i+1,1] - points[i,1])\n",
        "\n",
        "  diff = np.array(diff)\n",
        "  avg = int(np.round(np.mean(diff)))\n",
        "  return img,points,avg"
      ],
      "metadata": {
        "id": "d5aYm5CgEdgF"
      },
      "execution_count": null,
      "outputs": []
    },
    {
      "cell_type": "code",
      "source": [
        "def pixel_to_coordinate(pix,len):\n",
        "  num = pix.shape[0]\n",
        "  x_0 = pix[0,0] - len\n",
        "  y_0 = pix[0,1] - len\n",
        "  coord = np.ones((num,4))\n",
        "  for i in range(num):\n",
        "    coord[i,0] = pix[i,0]\n",
        "    coord[i,1] = pix[i,1]\n",
        "    coord[i,2] = np.round((pix[i,0] - x_0)/len)*25\n",
        "    coord[i,3] = np.round((pix[i,1] - y_0)/len)*25\n",
        "  print(x_0,y_0)\n",
        "  return coord"
      ],
      "metadata": {
        "id": "qKYFA_HJOr45"
      },
      "execution_count": null,
      "outputs": []
    },
    {
      "cell_type": "code",
      "source": [
        "def ls_matrix(coord,Z):\n",
        "\n",
        "  A = []\n",
        "  for i in range(54):\n",
        "    x = coord[i,0]\n",
        "    y = coord[i,1]\n",
        "    X = coord[i,2]\n",
        "    Y = coord[i,3]\n",
        "\n",
        "    A.append([X,Y,Z,1,0,0,0,0,-(x*X),-(x*Y),-(x*Z),-x])\n",
        "    A.append([0,0,0,0,X,Y,Z,1,-(y*X),-(y*Y),-(y*Z),-y])\n",
        "\n",
        "  A = np.array(A)\n",
        "  return(A)"
      ],
      "metadata": {
        "id": "3M8k1iC-zNh7"
      },
      "execution_count": null,
      "outputs": []
    },
    {
      "cell_type": "code",
      "source": [
        "def min_eigen_val_vec(matrix):\n",
        "  e_val,e_vec=np.linalg.eig(matrix)\n",
        "  min_e=min(e_val)\n",
        "  min_index=np.argmin(e_val)\n",
        "  min_e_vec=e_vec[:,min_index]\n",
        "  return min_e,min_e_vec"
      ],
      "metadata": {
        "id": "XhOjyjBE5Zw8"
      },
      "execution_count": null,
      "outputs": []
    },
    {
      "cell_type": "code",
      "source": [
        "image1,p1,a1 = corner_pixels('c1.png')\n",
        "image2,p2,a2 = corner_pixels('c2.png')\n",
        "image3,p3,a3 = corner_pixels('c3.png')\n",
        "image4,p4,a4 = corner_pixels('c4.png')\n",
        "image5,p5,a5 = corner_pixels('c5.png')\n",
        "image6,p6,a6 = corner_pixels('c6.png')\n",
        "image7,p7,a7 = corner_pixels('c7.png')\n",
        "image8,p8,a8 = corner_pixels('c8.png')\n",
        "image9,p9,a9 = corner_pixels('c9.png')"
      ],
      "metadata": {
        "id": "f95iXHzTE-mR",
        "collapsed": true
      },
      "execution_count": null,
      "outputs": []
    },
    {
      "cell_type": "code",
      "source": [
        "i1_c = pixel_to_coordinate(p1,a1)\n",
        "i2_c = pixel_to_coordinate(p2,a2)\n",
        "i3_c = pixel_to_coordinate(p3,a3)\n",
        "i4_c = pixel_to_coordinate(p4,a4)\n",
        "i5_c = pixel_to_coordinate(p5,a5)\n",
        "i6_c = pixel_to_coordinate(p6,a6)\n",
        "i7_c = pixel_to_coordinate(p7,a7)\n",
        "i8_c = pixel_to_coordinate(p8,a8)\n",
        "i9_c = pixel_to_coordinate(p9,a9)"
      ],
      "metadata": {
        "colab": {
          "base_uri": "https://localhost:8080/"
        },
        "id": "IAj9CrnZPU6Q",
        "outputId": "252289c6-2edc-48d8-eef6-aa550895134e"
      },
      "execution_count": null,
      "outputs": [
        {
          "output_type": "stream",
          "name": "stdout",
          "text": [
            "201 59\n",
            "263 149\n",
            "305 210\n",
            "334 253\n",
            "357 286\n",
            "373 310\n",
            "387 330\n",
            "399 347\n",
            "408 361\n"
          ]
        }
      ]
    },
    {
      "cell_type": "code",
      "source": [
        "Z1 = 400\n",
        "Z2 = 500\n",
        "Z3 = 600\n",
        "Z4 = 700\n",
        "Z5 = 800\n",
        "Z6 = 900\n",
        "Z7 = 1000\n",
        "Z8 = 1100\n",
        "Z9 = 1200\n",
        "\n",
        "m1 = ls_matrix(i1_c,Z1)\n",
        "m2 = ls_matrix(i2_c,Z2)\n",
        "m3 = ls_matrix(i3_c,Z3)\n",
        "m4 = ls_matrix(i4_c,Z4)\n",
        "m5 = ls_matrix(i5_c,Z5)\n",
        "m6 = ls_matrix(i6_c,Z6)\n",
        "m7 = ls_matrix(i7_c,Z7)\n",
        "m8 = ls_matrix(i8_c,Z8)\n",
        "m9 = ls_matrix(i9_c,Z9)\n",
        "\n",
        "m = np.concatenate((m1,m2,m3,m4,m5,m6,m7,m8,m9))\n",
        "A = np.transpose(m)@m\n",
        "print(A)"
      ],
      "metadata": {
        "colab": {
          "base_uri": "https://localhost:8080/"
        },
        "id": "2B_G5Bq036_m",
        "outputId": "0134aae2-648b-4319-8902-d8b5c3e973fb"
      },
      "execution_count": null,
      "outputs": [
        {
          "output_type": "stream",
          "name": "stdout",
          "text": [
            "[[ 4.60687500e+06  5.31562500e+06  3.40200000e+07  4.25250000e+04\n",
            "   0.00000000e+00  0.00000000e+00  0.00000000e+00  0.00000000e+00\n",
            "  -2.66974312e+09 -2.94375938e+09 -1.86777000e+10 -2.35500750e+07]\n",
            " [ 5.31562500e+06  9.61875000e+06  4.86000000e+07  6.07500000e+04\n",
            "   0.00000000e+00  0.00000000e+00  0.00000000e+00  0.00000000e+00\n",
            "  -2.94375938e+09 -4.92480000e+09 -2.48832000e+10 -3.11040000e+07]\n",
            " [ 3.40200000e+07  4.86000000e+07  3.43440000e+08  3.88800000e+05\n",
            "   0.00000000e+00  0.00000000e+00  0.00000000e+00  0.00000000e+00\n",
            "  -1.86777000e+10 -2.48832000e+10 -1.75841280e+11 -1.99065600e+08]\n",
            " [ 4.25250000e+04  6.07500000e+04  3.88800000e+05  4.86000000e+02\n",
            "   0.00000000e+00  0.00000000e+00  0.00000000e+00  0.00000000e+00\n",
            "  -2.35500750e+07 -3.11040000e+07 -1.99065600e+08 -2.48832000e+05]\n",
            " [ 0.00000000e+00  0.00000000e+00  0.00000000e+00  0.00000000e+00\n",
            "   4.60687500e+06  5.31562500e+06  3.40200000e+07  4.25250000e+04\n",
            "  -2.33574250e+09 -3.05065688e+09 -1.72680375e+10 -2.15607000e+07]\n",
            " [ 0.00000000e+00  0.00000000e+00  0.00000000e+00  0.00000000e+00\n",
            "   5.31562500e+06  9.61875000e+06  4.86000000e+07  6.07500000e+04\n",
            "  -3.05065688e+09 -5.89274625e+09 -2.75487900e+10 -3.48646500e+07]\n",
            " [ 0.00000000e+00  0.00000000e+00  0.00000000e+00  0.00000000e+00\n",
            "   3.40200000e+07  4.86000000e+07  3.43440000e+08  3.88800000e+05\n",
            "  -1.72680375e+10 -2.75487900e+10 -1.74468420e+11 -1.97349000e+08]\n",
            " [ 0.00000000e+00  0.00000000e+00  0.00000000e+00  0.00000000e+00\n",
            "   4.25250000e+04  6.07500000e+04  3.88800000e+05  4.86000000e+02\n",
            "  -2.15607000e+07 -3.48646500e+07 -1.97349000e+08 -2.46408000e+05]\n",
            " [-2.66974312e+09 -2.94375938e+09 -1.86777000e+10 -2.35500750e+07\n",
            "  -2.33574250e+09 -3.05065688e+09 -1.72680375e+10 -2.15607000e+07\n",
            "   2.84223840e+12  3.49333024e+12  1.96997198e+13  2.50661216e+10]\n",
            " [-2.94375938e+09 -4.92480000e+09 -2.48832000e+10 -3.11040000e+07\n",
            "  -3.05065688e+09 -5.89274625e+09 -2.75487900e+10 -3.48646500e+07\n",
            "   3.49333024e+12  6.31659428e+12  2.92206312e+13  3.73238748e+10]\n",
            " [-1.86777000e+10 -2.48832000e+10 -1.75841280e+11 -1.99065600e+08\n",
            "  -1.72680375e+10 -2.75487900e+10 -1.74468420e+11 -1.97349000e+08\n",
            "   1.96997198e+13  2.92206312e+13  1.84548714e+14  2.10400375e+11]\n",
            " [-2.35500750e+07 -3.11040000e+07 -1.99065600e+08 -2.48832000e+05\n",
            "  -2.15607000e+07 -3.48646500e+07 -1.97349000e+08 -2.46408000e+05\n",
            "   2.50661216e+10  3.73238748e+10  2.10400375e+11  2.65670766e+08]]\n"
          ]
        }
      ]
    },
    {
      "cell_type": "code",
      "source": [
        "p = min_eigen_val_vec(A)[1]\n",
        "p = p.reshape(3,4)\n",
        "print(p)"
      ],
      "metadata": {
        "colab": {
          "base_uri": "https://localhost:8080/"
        },
        "id": "B_DLw3H15mPi",
        "outputId": "f285a8d6-4ede-4734-cff3-0d1abfbc5f04"
      },
      "execution_count": null,
      "outputs": [
        {
          "output_type": "stream",
          "name": "stdout",
          "text": [
            "[[ 6.46181783e-03  6.33939714e-07  2.32707745e-03 -5.65756670e-01]\n",
            " [ 1.58651794e-06  6.46403235e-03  2.32714141e-03 -8.24515022e-01]\n",
            " [ 2.94524368e-09  1.15983680e-09  4.54507065e-06 -9.43268468e-07]]\n"
          ]
        }
      ]
    },
    {
      "cell_type": "code",
      "source": [
        "# plt.figure(1)\n",
        "# plt.imshow(image1)\n",
        "# plt.figure(2)\n",
        "# plt.imshow(image2)\n",
        "# plt.figure(3)\n",
        "# plt.imshow(image3)\n",
        "# plt.figure(4)\n",
        "# plt.imshow(image4)\n",
        "# plt.show()"
      ],
      "metadata": {
        "id": "kh2A0HfbF2Yr"
      },
      "execution_count": null,
      "outputs": []
    },
    {
      "cell_type": "code",
      "source": [
        "X1 = np.array([[0],[0],[400],[1]])\n",
        "X2 = np.array([[0],[0],[500],[1]])\n",
        "X3 = np.array([[0],[0],[600],[1]])\n",
        "X4 = np.array([[0],[0],[700],[1]])\n",
        "X5 = np.array([[0],[0],[800],[1]])\n",
        "X6 = np.array([[0],[0],[900],[1]])\n",
        "X7 = np.array([[0],[0],[1000],[1]])\n",
        "X8 = np.array([[0],[0],[1100],[1]])\n",
        "X9 = np.array([[0],[0],[1200],[1]])\n",
        "\n",
        "\n",
        "p = p.reshape(3,4)\n",
        "x1 = p@X1\n",
        "x2 = p@X2\n",
        "x3 = p@X3\n",
        "x4 = p@X4\n",
        "x5 = p@X5\n",
        "x6 = p@X6\n",
        "x7 = p@X7\n",
        "x8 = p@X8\n",
        "x9 = p@X9\n",
        "\n",
        "print(x1[0]/x1[2],x1[1]/x1[2])\n",
        "print(x2[0]/x2[2],x2[1]/x2[2])\n",
        "print(x3[0]/x3[2],x3[1]/x3[2])\n",
        "print(x4[0]/x4[2],x4[1]/x4[2])\n",
        "print(x5[0]/x5[2],x5[1]/x5[2])\n",
        "print(x6[0]/x6[2],x6[1]/x6[2])\n",
        "print(x7[0]/x7[2],x7[1]/x7[2])\n",
        "print(x8[0]/x8[2],x8[1]/x8[2])\n",
        "print(x9[0]/x9[2],x9[1]/x9[2])"
      ],
      "metadata": {
        "colab": {
          "base_uri": "https://localhost:8080/"
        },
        "id": "d1ejXVpKYbc1",
        "outputId": "87e8ed41-1acb-49ef-f541-f4aceff63209"
      },
      "execution_count": null,
      "outputs": [
        {
          "output_type": "stream",
          "name": "stdout",
          "text": [
            "[200.91207247] [58.52315354]\n",
            "[263.15554992] [149.25905578]\n",
            "[304.64402251] [209.73919197]\n",
            "[334.27513031] [252.93416454]\n",
            "[356.49653893] [285.32759181]\n",
            "[373.77871778] [310.52081935]\n",
            "[387.60374337] [330.67435547]\n",
            "[398.91465361] [347.16292082]\n",
            "[408.34008605] [360.90291659]\n"
          ]
        }
      ]
    },
    {
      "cell_type": "code",
      "source": [
        "E = np.array([[1,0,0,0],[0,1,0,0],[0,0,1,0]])\n",
        "E_pseudo = (np.transpose(E))@(np.linalg.inv(E@np.transpose(E)))\n",
        "k = p@E_pseudo\n",
        "print(k)"
      ],
      "metadata": {
        "colab": {
          "base_uri": "https://localhost:8080/"
        },
        "id": "5jhIZfV1h7-O",
        "outputId": "b9b57d65-30a6-4c87-f1c3-d132d2600b27"
      },
      "execution_count": null,
      "outputs": [
        {
          "output_type": "stream",
          "name": "stdout",
          "text": [
            "[[6.46181783e-03 6.33939714e-07 2.32707745e-03]\n",
            " [1.58651794e-06 6.46403235e-03 2.32714141e-03]\n",
            " [2.94524368e-09 1.15983680e-09 4.54507065e-06]]\n"
          ]
        }
      ]
    }
  ]
}
